0.0004472    0.54185
0.0007472    0.54184
0.0010472    0.54182
0.0013472    0.5418
0.0016472    0.54178
0.0019472    0.54175
0.0022472    0.54171
0.0025472    0.54167
0.0028472    0.54163
0.0031472    0.54158
0.0034472    0.54152
0.0037472    0.54146
0.0040472    0.5414
0.0043472    0.54133
0.0046472    0.54126
0.0049472    0.54118
0.0052472    0.54109
0.0055472    0.54101
0.0058472    0.54091
0.0061472    0.54082
0.0064472    0.54071
0.0067472    0.54061
0.0070472    0.54049
0.0073472    0.54038
0.0076472    0.54026
0.0079472    0.54013
0.0082472    0.54
0.0085472    0.53987
0.0088472    0.53972
0.0091472    0.53958
0.0094472    0.53943
0.0097472    0.53928
0.010047    0.53912
0.010347    0.53896
0.010647    0.53879
0.010947    0.53862
0.011247    0.53844
0.011547    0.53827
0.011847    0.53808
0.012147    0.53789
0.012447    0.5377
0.012747    0.5375
0.013047    0.5373
0.013347    0.53709
0.013647    0.53688
0.013947    0.53667
0.014247    0.53645
0.014547    0.53623
0.014847    0.536
0.015147    0.53577
0.015447    0.53554
0.015747    0.5353
0.016047    0.53506
0.016347    0.53481
0.016647    0.53456
0.016947    0.53431
0.017247    0.53405
0.017547    0.53379
0.017847    0.53352
0.018147    0.53326
0.018447    0.53298
0.018747    0.53271
0.019047    0.53243
0.019347    0.53215
0.019647    0.53186
0.019947    0.53157
0.020247    0.53128
0.020547    0.53098
0.020847    0.53068
0.021147    0.53038
0.021447    0.53007
0.021747    0.52977
0.022047    0.52945
0.022347    0.52914
0.022647    0.52882
0.022947    0.5285
0.023247    0.52818
0.023547    0.52785
0.023847    0.52752
0.024147    0.52719
0.024447    0.52685
0.024747    0.52652
0.025047    0.52618
0.025347    0.52583
0.025647    0.52549
0.025947    0.52514
0.026247    0.52479
0.026547    0.52444
0.026847    0.52408
0.027147    0.52373
0.027447    0.52337
0.027747    0.523
0.028047    0.52264
0.028347    0.52228
0.028647    0.52191
0.028947    0.52154
0.029247    0.52117
0.029547    0.52079
0.029847    0.52042
0.030147    0.52004
0.030447    0.51966
0.030747    0.51928
0.031047    0.5189
0.031347    0.51852
0.031647    0.51814
0.031947    0.51775
0.032247    0.51736
0.032547    0.51697
0.032847    0.51658
0.033147    0.51619
0.033447    0.5158
0.033747    0.5154
0.034047    0.51501
0.034347    0.51461
0.034647    0.51422
0.034947    0.51382
0.035247    0.51342
0.035547    0.51302
0.035847    0.51262
0.036147    0.51222
0.036447    0.51182
0.036747    0.51142
0.037047    0.51102
0.037347    0.51062
0.037647    0.51021
0.037947    0.50981
0.038247    0.50941
0.038547    0.509
0.038847    0.5086
0.039147    0.5082
0.039447    0.50779
0.039747    0.50739
0.040047    0.50698
0.050047    0.50698
0.060047    0.50698
0.070047    0.50698
0.080047    0.50698
0.090047    0.50698
0.100047    0.50698
0.120047    0.50698
0.220047    0.50698
0.320047    0.50698
0.420047    0.50698
0.520047    0.50698
1.120047    0.50698